16
 0 15  1  0    0  0  0  4    0  0  8  0   12  0  7  9
11  0  0  0    0  0  8  0   16  0  0  9    0  4  0 10
 0  0  0 10   13  0  0  0    6 14  0  0    0  0  0  0
13  0  0  0   16  6  1  0    5  0  0 12    0  8  0  0

12  0  0  0    0 13  4  0    0  6  0  0    0  0  0  0
 9  0  0  5    0  0  0  6    0 15  0  0   14  7  2  3
 0 10  0  2    3 15  0  0    0  0  0  0    0  0  0  0
 0 14  0  0    7  0  0  0    0  3  0  0    0  0 16  8

 0  0  4  0    0  7 13  0    0 16  0 14    0  6  8  0
 0  0 13 16    0  0  9  0    0  0 15  5    0  0  0 14
 1  0  0  6    2  0 14 16    0  0  0  0    5  0  3  4
 2  5  0  0    0  0  0  0   10 13  0 11    0  0  0  0

16  0  0  0    0  0  0  5    0  0 11  0    0  0  0  2
 0  1  0  0    0  0  6  0   14  0  2  0    9  5  0  0
 0  6  8 11    0  3  0  0    4  7 12  0    0  0  0 15
 0  0  0  0   12  0  0  0    0  8  0  0   13  0  0  0

I got this by selecting Expert on this site:
https://www.sudoku-puzzles-online.com/hexadoku/print-hexadoku.php